5674   2765   6794    229   2834     63   4733   6698
 3048   1437   2872    345    683   3109   4669   4154
 4998   6715   2174   2707   5140   8679   8313    232
 3747   3131   9348   4482   9257   1773   8332   1542
 8933   4762   2042   1994   9750   1776   1344   2766
 2266	6731   3163   5389   5960   3509   5842   4882
 5993   7982   9262   5504   4999   4498   1464   6894
  540   1157   9779   9745   6702   5269    772   6901
 6775   7776   7676   1840   8335   1110   4479   1462
 6404   4183   1250   1990    456   3707   3100   9995
  816   3031   2113    120   8206   6338   8965   2667
  962   8156   9953   1550   7966   3677    736   4047
  191   7354    389   2084   2413   1740   3667   3487
 9951   4786   7806   8174   7430    583   6501   2964
 5220    402   3628   6238   6906   5457   3817    842
 6537   2910    533   2739   9904   2716   2576   9010
 4558   9910   7262   4337   2523   1489   5747   7410
 7472     18   8772   8506   8334    801   5198   8414
 4310   8975    342   2592    564   6996   3674    333
 5311   9828   1520   4833   1367   9184   7452   3231
 1666   6476   8192   6001    194   1385   9244   2057
 3205   8715    178   3164   1414   7573   6063   8576
  951   6021   4769   8375   9445   2921   6310   3708
 2307    915   7963   1528   3136   9545   6250   5449
 3815   4578   2567   5417   4127   2530   2222   7403
 2626   8317    299   4276    698    619   1321     97
 1062   2537   6829   7531   5226   8751   9039   1835
   57   1292   4284   7949   1894   2018   8539   3729
 7778   4373   2118   9136   3416   2896   9419   9510
 6098   2940   4348   7714    211   7690   9358   9634
 5803   2895   6897   3496   1481   7281   8564   7915
 2260   4788   1447   6813   9674   7801   4698   2203
 3938   8210   8237   5780   7535   6988   9413   5914
 3768   8968   1812   2168   7779    453    873    196
 5630   3338   6292   1343   9179   3216     47   1213
 5851   4161    760   5585   8519   1065   7368   1504
 4346   2106   5365   3518   2610   7980   8102   6253
  259   4790   7643   8468    670    386   3879   1696
 8599   7065   2507   1846   2951   1253   6005   3508
 1282   8829   4796   7239   4067   6183   4391   2311
 8369   9462   7213   9063   7991   8217   5947   5079
 5907   1825   2206   3156   2182   9112   6159    975
 6414   3046   6573    660   4363    899   2753   1553
 1451   5695    108   6979   3365   9416   8625   3843
 1242   8259   7840   2365   7842   9270   9826   5990
 6644   7881   1004   6732   8038   7444   9896   8025
 8895   4195   9787   9264   9734    912   6167   4233
 6618   9635   8546   2032   8380   4109   5350   7682
 8178   9319   7794   4259    730   6280   9314   9102
 8422   2931    998   6463     68   3398   1277   5980
 5352   3973   7436   9820   5825   8312   7875   5824
  267   9208   5648   3320   7765   7784   7162   5841
 7747   4862   7602   8329   9412   6757   8036   5542
 6334   6197   2884   5712   9553   8348    711   6477
  151   2562   3595   6914   5112   8889   8490   9564
 4244   8862   8477   9437   2436   2321   6173   8993
 7783   5194   7317   7356   6819   7832   4839   6598
  637   3015   3967    483   3649   2478   6850   5583
 9336   2070   6016     95   8358   6464   2476   7045
  664   6855   6525   3986   4660   7107    541    672
 5807   9504   2698   1578   8423   9895   3174   2302
  592   7122   6779   8249   6714   6818   5812    210
 6061   3346   1614   3793   4106   4987   6655   1537
 7475   9942    216   8523   5584   6139    349   9723
 2448   9349   5998   4484   5012   7127   2415   5356
 8676   1694   5156   4695   7058   4940   8628    438
 2322   7556   5760   5146   2825   4682   9486   3069
  235   6959   8690   1988   2475   5180   9465    555
 1093   2251   1163   9519   5082    769   9247   1187
 3295   8687   9949   9701   2055   9182    220   3972
 7114   9583   8197   4626    508   2669     45   7636
 7004   2725   3619   5359   8837   9263   2572   8044
  257   7266   4478   4110   9395   2244   6564    922
 9603   5935   2396   9153   9226   5273   9790   5895
 5387   6756   3140   6110    249   2714   2330   2718
 7818   4760   7702   1505   5414   5454   6929   7880
 7782   8921   1622   7321     51     58   6636    266
 4469   3329   1982   1263   3589   6346   6638   4774
 5396   4741   7264   7994   4034   6033    745   8236
  153   3552   7404   9827   6665   2110   4521    416
 3698   5040   8992   2590   4556   9598    780    856
  482   2151   4968   8083   7965   8937   9126   2809
 1805   8413   9145   1453   2692    446   6658   2333
  876   2443   8306   5474   2979    547   3309   8670
  885   5608   2822   1524   3372   1222   8938   8282
 5421   5525   7402   3450   4594   6263   9563   3728
 1574   2881   3857    771   9229   9639    304   3780
 2949   2411   6766   6165   6151   5917   6450   9047
 8311   6890   4269   3208   5716   1874   6557   1069
 3951   9452    222   1237   5394   6512   4856   9456
 4419   9165   9792   6175    459   7206   8509   9082
 8064   8140   3187    761   8635   1255   8402   8072
 1845   5962   1989   5635    277   5139   8647   1629
 1567    585   7465      1   9475   8388   4547   1692
 4190   1303    404   8803   2179   2524   1023   1831
 7026    428   4699   2859   5588   8887   6990    552
 2422    648   5975   5823   9537   2299   1788   8487
 7809   1974   8133   3373   2061   8558   1548   4107
 6676   3210   8496   8218   9769   2072   8116   3657
 6834   5441    696   8350   2619   9570   7795   2446
 9821   6978   4864   9079   7104   8396   7993   4202
   25   4066   8731   7143   4130   6196    986   2656
 1358   7168   5484   5859   6355   7423   4126   7601
 4704   4863   4516   9565   6437   3471   7696   2599
 9532    258   8516   6521   4549   3068   4344   8695
 3703   3354   3731   4186   3361   5942   7763   3270
 6778   4816   2468   2289   7530   4647   2462   2737
 9889   4926   2050   8841   7663   2529   5376   1142
 2844   4605   9691   9218   2310   4883   3601   9214
 7125   7577   4873   1223    918   7743   4920   4290
 6805   4757   1726   7083   8834   5964   8398   4494
 6474    716   3259   1234   7438   6386   9259   5708
 3936   4722   7781   5380   6856   3331   7737   3400
 3794   2532   1006   1027   2526   5605    173   3326
  395   6937   4325   7389   2622   5938   1626   5031
 8989   3072   3394   1138   8054   8248   7130   5105
  756   7950   7032   2907   7804   7660    576   7048
 3463   8770   7997   2761   4781   5689   8793   8107
 1326   8652   3022   9536   4459   6982   7863   4830
 2485   5956   5288   4577   5436    680   4765   5375
  934   6603   6522    116    520   8365   3755   6774
 1162   4143   4876    848   5025    274   2767   8100
 6669   2579   5348   5038   3902   5098   9402   4394
 3451   7383   6489   6179   9493    164   3337   1607
 8459   9352   6399   1895   7554   4384   5489   2027
  571   9887   1508   4027   6568   1185   8464   7649
 5766   1458   5939   3733   7074   4738   5918      3
 9125   3051   7622   6055    857    758   8865   4476
 4434   1118   2820   4500   9771   5412   1352   5298
 1406   1904   6507   2625   6465   7674   3481   6227
 8732    155    590    379   1333   9657   9974   6515
 5153   9333   8019   9618   6402   9197   4260   7099
  946   3186   6556   4512   7999   1718   5228   8556
 4924   1947    974   4440   5011   3381   6583   8186
 2512   2486   7205    247   6789    253   7426   4137
 9908   5063   2428   1279   2647   8090   7587   1653
 2645   4517   3656   8880   8874   6519   6666   3501
 4642   8041   1564   6881   7131   1364   6747   8175
 2906   2922   3153   9081   2220   3820   6411   2797
 8427   8078   7762   2161   7095   1568   1635   7797
 2045    559   7470   1251   8392   6694   1735   9662
 8142   1793   7987   6566   9797   9991   5152   5344
 7845   1816   8121   3075   6981   2909   4703   3499
 3546   2566   1407   3144   4793   9406   5108   5372
 3756   4352   1979   5548   3975   5624   3004   9271
 9162   2518   8976   5669   1780   2587   8786   5382
 8900   3695   5497   1010   5852    635   3242   3868
 2594   5322   1966   3104   1461   4092   9097     12
 2695    393   9501   6944   5075   3351   1865   3230
 9544   5091   1976    128   7500   3792   2993   2985
 3089   7434   4171   4973   2078   8948   6874   5997
 9594   5768   1913   2639   8691   8734    965   9911
 4170   2483   1711   1745   5620   1448   8513   6672
 1771   2414   1873   3017   5920   7278   4198   4548
 1346   3917   8182   7195   6832   5169   6821   7972
 5340   4628   9577   7609   6118   6845   8902   2167
   22    469   5125    190   9667   2581   7023   5816
 8591   9735   3725   9361   9761   9299   4209   7931
 9106   2380    309    231   9621   6340   1087   8111
 3262   1841   9547   2427   3883   1597   8310   5132
 2660   2326   9204   3389   8377   2013   1384   6320
 3804   2317   9812   2939   7400   5439   3387   2637
 7319   8777   1937    655   5735   1116   5242   7141
 3892   4312   6024   3375   6457   8504   1394   9992
 9920   2701   7060   6060   9965   3877   5694   2339
 2807   5151   4294   4564   9023   6562   8379   4055
 9460   9116   8809   2033   8091   3566    430   1839
 1818   4074   1876   7603   6229   1127    692   9703
 2651    723   5423   6439   9778   1575   9364   9916
 5899   3574   6137   2821   5433    721   9836   3923
 5133   6108   8541   5680   6670   1572   1131   1826
 6303   6120   5268   1108    734   5472    774   8286
 8947   3182   7975   6591   6849   4949   2470    941
 1514   5370   8106   3929   1732   2702   5587   1450
 5544   7484   9576   1803   6740   1225   9964   4922
 7749    859   2947   8067   5616   5287   4865   3882
  325   4492   1778   4300   7552   5434   1317   9881
  294    209   6220   4963   5173   2054   1422   5813
 4401   4129   3173   5027   9679   1393   6925   7631
 7233   3374   1797    330   6986   8911   7132   8026
 9404   5655   5532   6563   1679   5892   3562   6692
 8474   7339     28   9935    306   3651   7425    597
 1294   9528   8884   5399    347   4746   8157   8719
 4668   1736   3334   4580   8501   9088   3148   7591
 3517   3252    737   4646   4140   3235   1934   6892
  835   3497    318   4297   4515   8851   9488   4108
  744   6620   8434   7745   2274   5982    535   5688
 1099   5043   4323   9038   1861   3217   7376   6555
 1425   1468   4303    879   9245   5552   1928   3647
 1855   6612   1774   7174   5493   7215    693   1960
 3630   5379   1942   9834   7367   1040   8089   9209
 5430   7986   3315   9518   5234   8421   6786   9320
 3753   1139    849   1165   2487   3371   7575   9859
 3996   8454    278   9807   4139   7275   7736   2903
 7395   5667   3506   7901   9716   9584   2648   5044
 4242   8907   6206   2564   2694    814   8860   8531
 8283   2855   9539   9287   3894   4872   8346    100
 3887   9473   4954   7079   5401   2012   7453   7041
 1496    396   6219   1296   6418   1063   8854   1161
 4749   9307   8661   6217   7952   7518   4612   9990
 3528   2793   5476   5992   1077   1199   1204   3665
 4124   5875   3900   5301   3899   8226   2711   9772
 6480   9589   3567   7078   4573   6278   7618   5889
 5826    263   2356   6230   8930   9385   4908   8445
 9822   8858   2950   9338   9120   1327   7167   5818
 7732   2375   5861   6228   6037   2861   7111    582
 5710   8555   5332   2886   5490    604   6111   1659
 7772   5249   6322    575   4417   5164   5069   5557
 1109   6128   4807   4802   8791   1783   6496   7547
 9729   5318   7393   3105   4507   6632    574   8085
 2892   5120   7837   4059   9731   3314   5246   6984
 3180   5611   2845   9709   2509   1377    545   3830
 8974   2965   8626   9605   2843   6921   8485   1169
 7350    337   3819   9397   5473   8328   8935    260
 4645   9775   2534   4152    811   2052    821   4606
 4266   7576   8747   9417   1650   1439   5731   1714
 5607   9471   6493   5822   7156   5361   8966   4931
 8696   3927   2869   8245   5810   9021   9915   6526
 9616   2431   3735   7824   4313   4305   4985   3318
 5681    166   9479   3480   5367   1623   3348   1645
 7240   5277   3803   3906   6124   8915   8384   4366
 7428   7375   6642   2938   5509   9593   3759   4208
 6271   4316   3593   6498   1871   5704   4658   2811
 8494   6877   5894    917   4387   9036   9401   7525
 8826   1559   9447   8394     48   6311   1983   5195
 2091   6624   9809    332    717   5469   9705   8595
 8758   9602   9070   2020   8890   7177   2323   9275
 7473   9071   7450   9996   6889   3687   3779   5159
 5308   6059   6440   9490   7129   8585   4081   5973
 8408   6259   3918   3393   9766   4754   9791   1791
 3267   3560   8589   7596   6099   5530   7063   2602
  367   2163   9685   5727   5418   4121   4414   4045
 1289   4328   2023    161    950   2995   3578   8006
 3007   1147   4880   8034   6934   2318   6587   1201
 7038   4000   2345   3324   6326   3602   8229   6833
 4815   9334   9838   4187   2196   9019   2889   5126
 2136   6782   1558   3757   4364   6705   2259   2223
 9298   6795    284   2271   6961   4487   9055   8943
 6384   2856   1268    505   8344   9312   1291   7585
 4123   9323   1522   1420   4156   7432   3787   2296
 5528   8211   9642   9520   4917   6022   1749   4421
 1374   6750   4079   6007   9054   5523    720   8584
 8737   9173   3441   3536   5442   1592   9284   2195
 4510   2081   3336   6725   2553   9587   2666   5028
 1070   7172   4082   4485   9655   1078    397   7887
 3898   1311    645   6643   7593   4801    365   1247
 4553    643   7498   7723   7546    487   9926   6232
 3241   3721   8499   3483   4925   9647   8075   4681
 3745   9671   9267   2598   4037   4673   6008   5663
 7232   9129   5991   3701    883   9612   1672     70
 4655     83   8510   7871   8980   5685   9077   5507
 7327   2944   3297   4579   2370   9233   8364    831
 1554   7943   9277   3814   6597   3577    168   7793
 9839    208    186   4588   8877   8117   6596   3539
 1500   4715     23   4967   8561   9046   8352   6719
 4687   7148   3855   3377    130   3974   7284    615
 3160   5721   4452   9573   3272   6861   2003   6244
 4825   6610   3901   4248   5239   7243   5561   8603
 2435   7378   8187   7582   8162   8503   2908   8532
 3110   2014   7064   3306   4453   3924   7808   2522
 2504   1121   5262   1022    836   6293   1288   5014
 2712   3121   6530   7677   3625   9482   9073   1401
 7252    510   6040    394   6462   9560   5179   4683
  356   7160     84   7147   3066   6904   8664   9713
 1220   9075    651   9917    694   1915   3956   6300
 3783    543   7200   2363   5578   3931   1256   3250
  527    803   1859   8161   4587   7489   2717   5898
 6510   2224   1910   8864   3226   3425    945    973
 5784   1808   5128   1695   8997   8114   9332   1690
 8920    212   3368   8598   6763   4215   7310   9089
 7305   3094   3420   1039   9160   6868   4398   5364
 5182   5196   7124   1588   2613   6084   9866   6064
 5468   1470   1728   9342   6536   1216   6558   8914
 3197    718   7722   8481   3049   1478    929   4201
 6416   5009    653   4036    497   1733   1515   3910
 1144   7785   2215   9508   1003   2614   6378   6734
 6164    554   5263   2715   1686   9720   8441   5349
 4043   5286   4593   3279   5470   7571   3456   5785
 4654   7149   4713   6010   6697   7827   9467   9902
 6783   2366   1702   2162   9814   4219   3367   1152
 5543   3905   7263   7905   8263   5609   6835   7678
 5154   7755   9702   1766   2069   5521    840    322
 6247   7013   4918   5783   7440   5245   9799   6275
 1196   9049   9959   3332   4601    298   9967    953
 8857   7201   4840   3715   9698   6497   5296   5306
 1628    162   1900   6667   7872    129   6252   5163
 9551   8201   2282   6846   4236   5479   5833   8251
 4001   2527   7524   6305   5170   6738   6383   8913
 3860   5059   7110   8740   4327   5581   1893   4120
 2585   7787   1744   7628   6938   7826   9885   8099
 2607     75   4426   5830   5383   9785   9695   8896
 7891   7642   1132   3600   8988   9149   5313   6190
 6448   4293   2098   3858   8357   6245    735   3504
 4604   2850   7896   6561   3682    948   8154   5005
 6240   3005   7506   6105    843   5077    681   1427
 5976   6035   8052   7768   5420   2452   6049   3638
 1821   9045   1828   8426   7977   1136   1950   1334
 9801   7502   2237   1884   9641   2595   7349   9090
 8581   7480   9764    748   9111   5293   9841   6953
 3036   8028    691   8165   8151   6204   4155   7944
 3632   2467   9608   9893   5551   2248   1775   9782
 9074   7342   2153   8682   8618   7927   3512   5797
 4347   9429   3856   9190   8446   2655    750   5723
 3580   5601   5596   7560   4229   5482   3330   8010
 9430   9568   8821   7316    851   2621   5668   3606
  620   6816   4506   1032   1616   8225   4315   8129
 3637   1042   1513   5639   9888   9103   4992   5720
 8144   6826   5086   9843   6650   2676   6540   8760
 1941   4567   1442   9159   2568   6156   5929   9596
 8204   8301   7449   8910    272   6186   5336   4056
  280   4976   6023    654   7902   1090   7725   7939
 7360   2978   9002   7557   1641   3498   6520   2972
 6903   6940   6884   4427   5072   3541    362   4199
  238   8651   6947   6602   1476   8467   4136   9683
  499    422   4945   2270    150   3434   3229    154
 5088   9374   6887   7158   8680   1959   5235    650
 8430   6377   1502   6083   8462   8706   2862    273
 1608   9575   9708   7112   6403   9451   9754   1544
 4519   5589   9659   4091   2770   4899   4977   5395
 6397    983   4633   8082   2371   7974   8814   6950
 8370   9870   3035   5337   5258   4814   9724   3641
 2314   8994   1584   8098    609   1128    213   2419
 5456   4386   6941   4157   8361   8452   2838   6017
 3437   9813   2519   7193   1167   9646   8228   2342
 8689   9868     56   1849   6222   3655   7286   9854
  425    573   2068   1402   4070   1312   8305   4496
 9013   5428   6814   1602   1676   9897     85   7248
 1356   4223   1120    610   4771   3165   9171   5056
 9696   9860   2290   4930   7447   8051   2410   1490
 7191   7260   2137   7860   6479    894   8831   8002
 7828   7976   8844   3925   1318   7366   9861   4050
 1777   1657   1682   8035   9997   3355   8755   7600
  890     62   9606   5171   8238   9468   5267   7076
 8653   3696    626   2786   8202   9978   1418   7919
 2175   5076    662   4631   1098   1929   6076   7210
 7087   4439   7276   9423   9099   6264   7208   9762
 7647   3739   6456   2283   6885   2067   4437   3010
 8631   1408   5039   8698    913   1101   5902   1538
  382    562   1705   9776   8986   2997   8354   6586
 9387   9623   3542   2125   2729   8757   4264   8198
 6690   5744   9189   3930   9682   8275   3947    147
 2790   8403    704   7691   8253   9517   4806   6009
 4875   7202   7189   8152   9923   5672   7345   7460
 1287    667   8419   6337   9198   2986   9057    366
 1829   3001   5219   2440   3802   6420   3347   9236
 6909   8736   7757    902    551   1965   8743   4960
 9365   6935   5837   2429   1049   7068   2643   1491
 4693   2788   6771   3124   3166   3761    727   5460
 3617   8020   9266   5651   2929   4759   5122    985
 4657   3865   4688   7834   9579   3763   9377   3203
 6954   7668   1752   3544   9317   4217   2641   2350
 7936   8184   5705   6686   6095   1080   7094   5702
 2265   8752   3041   4125    514    738   1082   5085
 6735    919   9005    700   5755   2555   9174   9909
 4486    557   3341   4805   4342   8185   1668   9905
 9982   5751   8908   9441   8321   7377   7418   3426
 8971   6333   6067   7179   7347   2066   2416   5280
 6949   4142   9087   3934   8750    126   7533   7008
 1978   9035   9857   7864   7401   2603   7387   4173
 2732   3155   9037   4896   5619   3684   3807   1863
 7046   2097   1270    639   4539   5134   3743   6048
 6722   2291   2971   6614   9463     65   8094   5511
 9399   2121   6918   7073   9883   6199   8191   5683
 7015   6363   1094   2580   4335   2030   8643   2533
 8097   8297   3622   8969     71   5913   6582   2332
 2473   4772   5060   9506   5963   7010   6842    593
 1817   5733    406   1224   6043   2573   6335   8340
 5248   3453   4813   6559   6285   2502   4416   8147
 6674   5832   2002   6307   5305   2349   3492   3505
 2096   6711    826   3349   1104    891   1043   2569
 7973   1755   8080   7057   7752   5022   4116   3303
 9658   6490    189   6637   7654   5626   3837   5821
  995   3115   8418   5890   6447   9201   4412   5966
 5224     79   5494   9389   8707   2836   3636    549
 4831   9755   4477   8882   7361   1350   9133   2703
 2596   3521   1073   3607   8806   1389   2211   1215
 4165   3939   9937   5572   5483    647   4350   6539
 1837   6350   9008    804   9617   9722   2378    473
 8660   5459   4844   1878   8406   8455   1993   6629
 8289   4778   3078   5506   3723   6634   7071   7298
 1857    996   4218   4383   2146   7978   8227   1229
 9925   4473   3249   4811   8686   4586   8252   6321
 3598   7507   5034   1618   5775   9100    140   3575
 5453   8015   3627   7413   7882   5591   6532   2752
  217   7946   6491   3190   1211   2036    204   1832
 1891   2293   2575   1145   1963   4989   2405   5315
 5191   5741   5925   3573   1889   8057    987   6453
 4974   7052   5172   4758   3014   4552   3603   6127
 5491    223   5793   5558   6157   4971   8566    572
 7355   4670   7996    136   5050   4828   4134   2280
 3941   6211   3963   7352   3994   8517   3385   4349
  588   3823   7960   5496   5567   1551    443   9987
 7006   4597   3083    269   4184   6600   2398    376
 5684   2958   7669   9142   2546   6869   7712   3551
 6097   3177   6012    845    970   7962   8507   8216
 9343   1411   5017   7537   4543   7777   1827   6482
 4474   5592   2920    160    837   1357   3846   6013
 7270   9687   6394   3952   8922   4737   9806   2615
 8666   3419   3961   6822   5665   5919   5996   6410
 6475   5498   1727   4706   4623    435   6461   2255
 3421    853   7446   4866   9427    743   2853   1973
 9474   8172   6946   6255   7081   8065    708   5342
  177   8169   1531   2510   7308   5136   6500   1864
 3431   5666   3464   7415   1834   5926   7503    301
 3662   4275   7760   2824   3292   2303   5323    518
 8663   3339   7044   1925   6780   6052   9393   9930
 5904   9251   9279   3806    303   5952   3485    127
 7775    369   7384   6282   2813     91   5162   6851
 1886   5970   7645   9432   1725   1801    686    477
 7224   6682   7672   1486   9250   6225   6768   6427
 7035   6087   3055   6880   3762   1107   2026   6038
 9018   1305   2240   5869   5227   6876   6983   8222
 2501   9952   2963   9128   1699   5233    924   9650
 8203   6838   1858   1178   3811   6142   3867   3255
 5071   4692    123   5707   3287   1964   2298   4023
 6843   8642   2657   3020   3526   7844   2344   1710
  904    584   2802    124   4530     10   1540    242
 7315    226   8953   4302    606   9351   9554   7164
 4119   8636   4240   9858   4934   9014   7080    568
 9844   8420   8534   3112   4855   3418   9296   1066
 5378   3378   2880   5236   7989   9666   4777   5013
 8207   3685   5621   1493   2049   8580   8801   9390
 7589   2781   7822   1598   7468   9717   7296   1299
 5582   7388   7615   7579   6966   5508   5610   4901
 2086   3009   4966   9274   9272   4164   4936   8190
 1475   2998   8716   5130    381   7364    808   7258
 1173   6343   3403   2833   4721   7665   7867   4819
 2451   5369   9624   4732   9900   3730   6349   7623
 6331    423     94   5910   7357    516    640   8032
 4902   2015   4584   8816   1218   7536   7957   7165
 6072   8046   5002   7892   7485   1587   5954   3310
  105   6964   1571   5410   4104   7282   5726   1041
 9877   3530   5492   1706     41   9853   7120   1642
 1267   6200   1137   4959    832   4845   8325     30
 3143   9362   4372   6727   1691   5559   1246   6529
 1392   4489   3406   7199   3864   5437   5099   2010
  110   7955   6235   6513   6807   3095   2746   4258
 4442   9329   8260   6412   2337   1320   1378     96
 9150   8769   9107   7559   3686   8449   4783   2860
 9134   1238    180   6267   9830   4295   1469   8320
 1674   7693   6231   3043    401   8934   8338   5571
 1981   8950    311    839    949   4649   2104   7218
 8575   8775    565   3535   1962   2670   3444   7849
 2432   3869   6514    641   8717   6345   9020   9223
  636   7501   5719    858   9265   8897   6226   1494
    9   9485   4919   7894   4324   4339   1790     52
 2324   4234   5078   1636    500   1738   8587   1340
 3271   7180    819   2663   4725   5657   8762   7217
 5141   9341   2107   9597   2079   2213   6848    810
 8087   5297    371   6945   5324   3325    305   7329
 3467    288   3673   5858   2913   7710   7800   7448
 3490   3626   9939   3215   1059   3167   8027   3054
  106    725   7998   3880   7346   9157   1056   2864
 6553   9492   5300   4231   3440   7398   5643   8929
  302   2133   6793   6595   9421    285   4169   2681
  489   3572   9220   4471   6641   2051   3181    884
 9078   4717   4789   8621   6859    507   7594   4105
 6471   4410   1397   9879    300   7455   2060    658
  830   4675   9651   9050   2397   8109   1819   3023
 1586   3422   7022   1281   3778   5148   1298   2726
 2893    561   6509   4524   8544    978   7911   7014
  519   7670   1999   7295   7072   8401   1423   1824
  536   5965   4481   5745   6574   9369   6853   2565
 7983    796   2699   9816   2037   5882   8932   8327
 4937   4267   7394   6106   5622   3185   4138   3119
 2202    556   8250   1034   2792   7371   8272   1117
 4779   4462   7731   6237   6177   6201   1345   8268
 8242   4671   4359   2674   3495   2130   6158   4800
 1302   4283   8848   9431   3895   2804   3237   3296
  282   6364    938   5093   9068   3150   8108    135
  111   6353   5564   1417   1779   2138   8836   6754
 4912   5878   4893   9931   6827   2100   8188   4397
 2292   7920   8290    957   1739   1713   9644   1866
 6365   6627   4533   4888   1856   1465   2763   3926
 5536   5739   1383   1665   9261   9649   4465   7204
 2927   7689   8294   8243   2466   2837   3903   3333
 9268   1371   4503   1617   6401   3608   5984   7019
 3077   3128    115    141   6551   6265   9803   2563
 1917   1940   1875   5374    594   8076   3202   1048
 7385   6639   1064   9664   2943   8778   5052   2653
 5035   4650    524   6279   4475   2593   9620   6609
 1002   1620    952   3265   8254   5740   7302   6379
 1381   3465   1717   5769   9305   9944   4720   6815
 3912   5556   3362   7648   1885   5033   1772   3777
   86   8608   6406   7466   7049   5949   6212   3693
 6188   1698   1577   5526   4413    321   2558   2803
 4054   4766   3448   2135   5629    909   8016   4629
 7550   8578    638   2975   2115   2560   6811   8470
 3137   6631   4089   5254   8659   6913   7770   6328
 4182   1919   6675   8130   6700   9512    932   6266
 6380   5628   5319   3932   1757   3519   9331   4881
 1313   5518   2863   4446   9403   7420   4333   8068
  644    400   7686   1261   7407   5955   4624     99
 9933   4185   8977   2744   7854   2511   7754   9736
 3921   3741   1236   7184   1328   5717   5817   9529
 9808   4635   8223   1901   2376   3044   6683   3359
 6916   1033   6298   1382   7249   6460   6546   9152
 3056   6257   6646   4662    673   2374   7066   6014
 1205   7379   1260    449    901   8662   5820   3559
 5985   1030   5068   8431    809   8637   9880   6508
 8596   8176   1580   3561   6374   7751    754   4871
 3614   3588   7865   4005   1426   6243   2309   7194
 7157   3849   1533   2319   6584    452   6531   1052
 7088   2494   2776   5738   1307   4653    560   5633
 8071   3196   2217    706   7932   6648     93   5951
 8730   1348   3796   7759   3791   3106    346   2362
 9213   2847   9653   3170   5646   4025   3872   9384
 3652   4174   8105   6572   5462   1016   6621    383
 8741   2503   5539   5021   7056   3025   2935   1479
 8999   5007   5671   5073   4017   4101   7031    158
 6817   5787   8397   3240    534    661   5252   7519
 4955   5355   1038   4322   7504   7562   5549   1785
 7564   4574   2193   7477   1601   7416    800   3382
 6032   9640   6578   2941   1763   1149   1123   1498
  486   9052   2937   6376   3141   4666   9869   3407
 6470    193   2295   1953   9758   2210   5197   3897
 6871   6580   5230    690   5386   5553   4897   3045
 2250   7467   7855   2817   7151   5649   1604   5500
 3797    795   4943   9898   9101    677    972   5206
 5887    254   6003   8009   3704   2234   4430   4044
 7220   6184   2439   6716   2059   7116   9514   1193
 1419    755   8436   6163   6633   8039   6915   1105
 8214   9435   7005   1166    982   6854   2871   2561
  577   7336   9924   7703   2633   7280    265   8655
 9483   5743   2936   7279     76    911   2111   6664
 4135   6707   3694   3193   4610   6218   3516   7843
 2389   8883   7718   7082   1541   5103   2358   1480
  243   7953   2173   6352   7033   9410    684   1412
  695   4997   5051   3063   3289   8428   8255   8567
 8919   4117    405   2401   2329   8749    767   2128
 1020    611   1924   3253   4270   2942   6283   9578
 3568   2719   5188   1035   3620   3663   1898   5115
 8482   2733   9586   6339   6398   1190   4376   8623
 3720   9300   1634   6613   7619   3423    142   7848
 5422   8904   1585   3221   3511   6459   9167   2006
 6942   7021   8724   3172   9882   6400    113   3302
 6809   4144   1836     69   9981   7886   7207   8276
 7807   3669   6093   7870   6693   8013   9276   5579
 8959   6615   6680   7326   3640   5873   5848   4950
 2710   1980   7306   3475   1746   2075   9929   1996
 5092   3274   4523   8213   1160   2848   4980   8424
 1386    797   2785   9328   3639   8484   2434   5749
 3689   1026   4665   8158   5876   4850     11   3402
 7515   9372   7119   8368   1473   1248   1076    439
 7614   1271   9665   1888   2071   5750   3840    526
 5814   5650    618   5240   1802   4361    765   8143
 7538   3749   1441    244   4444   8096   1133   3989
 6286    503    980   5653   5362   7985   4634   6991
 1955    334   2336   2976   4648   8790   8632   4787
 7626   8763   5192   1197   9015   7517    465   7688
 1214    441   3742   3671   2472   1125   1556    612
 8181   7788   7687   2898   8859    990   7597   4431
 6931   7017   2190   7823   1221   7291   7198   9205
 9588   1028   5316   7185   8053   2513   7092   9824
 1975   9632   7820   1748   1747   4296   4441   2305
 6625   9627   4961   6883   9526   9781   6802    517
 4162   6113   3277   8363   7992   1954   2109   5519
 2635   8640   5703   3971   4810   6865    326   6466
 2673   9957   5006   1546   1399   6018   1807   5568
 5326   8982   5037   9988   8611    940   8465   8863
 3545   5786   4536   7632   3978   1935   6221   6660
 8063   5690   3445   6607   4953   3327   6741   8120
 4086    408   2948   6728   9202   3586   8437   3313
 5415   5922   7569   3183   7666   4546   9420   3032
 8404   5959   7505   1421   6952   7093   8171   9076
 4111   5831   7255   9330   6178   1833   6172   6605
 4451   3949   9637    429   3304    685   9497   1715
 6703   6858   4981   2005   6792   7113   5166   2708
 1561   9728   3245   1921   1998   9040   8141   3845
 9773   4948   3454   2623   5640   1310   3624    420
 9527   1721   6422   6776   7016   7629   4072    892
  877   6951   8830   7170   3307   6708   1280   9591
 2048   2640   8293   7084   6801   5289   2760   4194
 1400   9224   9183   1097   5597   2011   6882    498
 9749   5928   4216   6511   1086   1939   7766   8785
 7769   2445   1085   4890   7169   2383   7925   4084
 7624   6449   2141   7245   3775   6824    710    968
 6799   8033   8804   5514   8606   8788   7422   1712
 8925   6623   1183   1262   7514   5752   9892   4493
 8917    852   4238   2184   3596   8979   4278   8257
 1306   2489   1452   7802   9980   1630   6135   2127
 2525   7228   6248   6390   9326   8622   6192   8048
 3345   8781   2846    956   2348   7635   2433    340
  419   8330   9940   1883   5019   4568   4405   2262
 2901   8797   2065   8349   7868   2154   3006    479
 2181    187   3261    823   1155   1610   3822    481
 8345   5320   9753   2882   3236   5266   5213   8233
 7370   4301   7454   6709   4867    117   8629   3145
 9742   7921   5104   2160   8391    682   1521   8545
 8614   3050   4986   2605   7586     27   1275   8110
 5946   9656   1595    893   6215   4177   2606   7311
 5256   3859   8899   8962   8281   1684   2393   1474
 3612   7627   3738    224   8173   3084   4891   7285
 4621   7494   3962   9122    490   3085   8701   4403
 6971   1639   1095   6870   1286   5218   9530   6873
 5644   6494   4003   4667   6198   8331   5555   2354
 1114   1055   4988   4147   1700   7548   4420   6185
 2172   7192   4652   1272   5795   3736   2747   9524
 1517   4298   9104   2867   7225   8805   1573   2034
 3790   3740   1176   5971   5127   6640   8688   3788
 1961   8562   6262   4589   8705   4094   4526   1549
 8466   5886    944   9234   7821   9968   3752   7741
 4128   8650   3605   3204   1697   9195   2235   7829
  788   4345   2263   7344   9494   2477   3132   1927
 9523   1460   6455   4375   8725   2769   1017   3500
 9378   7491   7289   9572   2484   1061   8324   7549
 1709   5016   5759   9759   5452   5055   2969   8059
 7981   3570   1429   4782   3073   4458   7937   9322
 9434   8132   6445   6140   6908   7612   3945   7322
 6077   2764   3710   8906   8473   2085   5524   6481
 6287   4450   8973   1186   3644   1188   2723   8718
  171   4728   1092   3816   2139   8981   7464   8903
 9258    967   6804   5535   2169   1181   8411   6419
 5944   4331   1527   8066   8045   7353   4861   3554
 5018   6769   2748   7833   3244   9065   6312   5829
 5167    463   3395   5853   5623   3960   3026   3670
 5778   6241   9941   2459   9016   9426   2076   1899
  132   4582   6249   1096   1323   5736    436   2062
 1680   2395   1432   4425   5270   7067   3489   8212
 1053   4941   7163   5259   3861   7406   7307    642
 4502   2780   9215   5884   4235    214   9525   3683
 9295      2   5805   2991   6039   9191   2180   5276
 5223   9424   9026   4951   7358   1054   1815   7483
 6150   8990   8615   5447   8570   7578   3256   6246
 1566   6647   8692   3748   4520   2268    537   1329
 4513    969   7634   2124   3039   8577   4767   4288
 2517   3623   5923   4358   1368   4460   9461   4321
 2231    701   3784   4049   6977   2600   8055   6168
 4369   1189   2035   8134   1609   3767   8683   7516
 7716   3275   4393   7462   6810   8128   1986   7121
 3726   9207   1068   6872   2497   6879   7152   4847
 9442    138   7433   1212   3322   2360   4952   7529
 5632    709   7541   6436   1847   5275   1124   9127
 6428   3168   7409   9932   2426   2352   4332   5843
 2214   4180    870    122   2970    742   1259   8868
 4447   9058   5074   6808   2457   4674   7479   1596
   55   1678   5656    820   6251   7726   9871   5144
 5368   6375   8597   6313   3477   1366   2490   1760
 9550   1235   4711   2756   2559     15   6323   2327
 6234   6107   6917   3789   8675   2120   4748   7883
 6932   6301   7297    596   2272    363   6999   4181
 2665   2589   4555   9400   2460    712    512   2538
  895   7899   9409   4995   6202   9009   7214   7895
 3661   1722   9633   1009   1590   7150   8438   6611
  958   4785   5212   3691   7930   7511   3540   9707
 1060   5981   6746   3829   7142   7553   7030   2093
 8526   3770   7513   5466   9478   5419   3285   7471
 2977   3090   3439   7771   7337   4824   2176   2662
 8037   4148   5788   9786   5285   6503   2285   7701
 8389   4033   2810   4039    854   2090   4377   7641
  878   5331   2101   9660   1518   8007   2826   1336
 5560   3697   6762   7761   9235   8563   8601   1854
 2835   5677   4304   8708   4885   6548   6442   2392
 8153   5550   6800   6368   2578   5404   5047   1632
 5790   2242   9170   1457   5142   4021   6324    233
 8386   3238   5408   9132   5885   3958   5537   7424
 1543   7171   2894   4576   3263   4846   4592   7909
  385   3323    119   1896    728   9143   8613   5054
 4131   8744   4957   2693   4641   5937    777   8177
 1842   6143   5488   3587   7819   3157   1203   1946
  897   1992   9164    652   6765   7051   5845   7365
 4944   7042   3012   9788   3466   4537   1431   5330
 4026   3130    908   8535   8458   5574   3564   3533
 2574   6542   1658    445   6389   5874   6926    697
 8912   2201   3576   8478   8189    566   3862   6729
 1241   5729   2992   2849   7512   7611   6116   4368
  862    790   4189   9582     82   5664   6351   3946
 8155   5200    770     24   2879   3805   2798   6236
 9945   5906   2917   2117   9017   9535   1192   7907
 4287   3844   1633   1154   2425   4207   7254    414
 8871   6429    844    104   9580   4907   6296   3896
 3239   9355   4179   9146   9240   2140   4965   4220
 5272    148   3515   6269   3139   2689   3071   7598
 8058   3282   1952   4488   3305   2923   3664   7675
 1459   5407   2796   5893   8855   8756   8113   6144
 3634   4817   2252    603   3724   3688   8671   6417
 3088   2377   5351   6657   9499   1497   7685   2868
 2225   8960   2557   4554   9354   3209   2731   8811
 8796   9999   7933   5700   3700   4353   1207   6626
 7789    907    598    480   9668   9847   9227   3383
 4656   4563   2500   2209   2031   1134   6622   7790
 3922     73   9692   4274   4064    964   8150    702
 6216   5458   8873   9137   8538   7166   6730   2208
 3719   6701   7265   9495   1930   8753   8789   9796
 2149   2961   4700   3138   8794   2461   9337   1741
 6541   3390   6673   7181   4909   5753   1000   4928
 1539   6761   9139     88   6344    817   4011   1501
 7097   6080   1151   2178   4075   3658   5599   1158
 6628   5950   2571   5570   3037   1264   8159   9538
 7799   3785   9228   7145   6487   6788   9973   9793
 5214   1719   7850   8892   5425   5215   9954   3033
 3028   5593   9712   4791   6330   5283   3798   8761
 6502   2456   2279   4230   6304   8366   7561    764
 5513    289   1792   8949   9700   3366   3609   5247
 6970   7419   8888   2720   8376   2722   8681   7639
  373   1949    888   8022   5346   3461    466   3047
 6570   1339   5398   5221   1440   7386    390   9110
 1870   4464   8704   5999   6371   8164   5562   9192
 4854   8194   9187   2772   8560   4585   5715   6430
 5314   5590   2177   3432   6148   4280    775   8838
 3847   2750   4256   9168   5032   3191   3388   2423
 4456   5036   4133   8847   2325    317   5863   1433
 2328   1594   5725   2854    976   9391   9327    118
 6896   8657    494   7971   1455   1707   1606   5520
 6745    202   6867   5618   8782   3268   1851   6152
 4015   5238   1547   2404   7231   1245   4433    963
 9825   7893   8122    869   2387   1756   2928   1902
 9043   4057   7656    287   9360   5335   2957   6117
    6   1920   7565   4435   2442    997   7885   9710
 5670   1430   1810   7203    542   1625   4454   6484
 1106   6078   6659      5   7910    329   9819   2338
  933   7397   2829   7123   3074   1449   5478   4964
 3955   9918   6864   1820   2447   4776   9304   6495
 6169   9718   8500   4756   2791   8833   2226   9672
 6413   7812   9542   1395   4726   1948   8808   6645
 7283   2257   6434   5796   5026   3342   7616   7888
   90   1231   8645   8008   3888   6149   4146   3291
 9719   4614   9464   4581   8104   6028   4389   8998
 2074    268   6443   3376   4852   3705   2953   2743
 7273   9636   2170   3358   7134   6068   1806   7062
 1014   2597   8620    444   8322   9552   4160   2438
 9288   3648   4253   5377    617   8244   3436   3993
 7459   8135   8665   1119   6433   1751   9562   5600
  906   5000   1972   6604   7359   3538    939   3891
 1100   8495    886   5193   2668   4744   7478   5911
 6360   7381   7487   1703   3764   7655   7000   4718
 6976   4428   3061   9673   7570   8277   4338   3098
 6085   5661   3727   1936    900   7330   2482   4724
 3278   7237   3344   9044   1795   5679   3397   3038
 7815   3411   5114   1319   6042   5097    782   2479
 4340   6651   9376   8827   6103   5940   3769   7372
 3429   3890   8593   6294   5880   6170   7914   6781
 8040   3543   1200   8559   5255   6755   9626   5231
 6405   4132   9135   8205    850    553   6174   3491
  798   5801    415   2611   2188   6997   2516   4065
 7859   6588   4709   4716   4245   8200   8429    468
 5808   8270   1664   9955   5777   6387   2956   9817
 6176   5101   3813   9680   7241   9248   9199   3058
  462   1021   1652   1685    411   8047   2874   7846
 5936   3286   1512   3908    101   6088   7984   6180
 4637   6575   8234   6119   5282    992   4388   7332
  336   9693   9072   7738   2236   1967   2902   9706
 5250   8160   5008   9743   9914   7990   5930    759
 8343   5020   2801   9458   3591   7704   2155   8579
 8118   2857   9281   2122    595      7   5541   6276
 7941   8745   3913     38   8488   6790   9273   9601
 2112   2142   3147   2083   2308   4676   5165    183
 4770   8956   8287    757   1589   9302   4644   6273
 3835   7620   2877   2677   5995   4742   6957   6577
 9335   1135   3732   4712   8646   2960   2818   9855
   64   3991    959   8193   8101    198   2954   7671
  881    785   7923   4697   8572   7463   4042    270
 5979   5868   3380   2754   1663   3118   3997   6254
 2273   1670   5883   4289   9894   7490    828   1191
 4532   7086    320   9345   2636   4607   6147   2777
 9455     40   9774    724   1443   1170   1342   9428
 8318   7526   5828    433   8273   9487   7988   5872
 1141   3029   7034   8124   8336   4418   7708   4355
 3409      4   6357   9515   9511   6527   9178   4750
 2983   6492   6290    722   5989   9956     42   6270
 7153   4308   6057    353   4747   2245   1804   5799
 9765   1071   7621   3911   5802   1428   7391   2491
 9254   1786    292   6407   6758    227   1599   7219
 7551   9741   4028   8307   6181   7681   7646   3765
 7798   7728   8230   4268   9740   9561   9438   7590
 6712   6122    271   9292   6831    437   8693   4225
 4078     20    377   9681   8853   9998   9375   4565
 9297   7948    529   8792   8235   4603   9318   5856
 2063   2441   7411   8739   8667   5615   5782   7730
 1130   7906   3774   1483   9711   7369   3188   2038
 6133   4040   7256   4030    773   3438   3247   4249
 6576   8280    114    163   8600   7520   7862   3234
 6839    485   2258   4020   5486   6348   9012   2246
 4996   8029   2787   1770   4900    331   8728   4468
  621   3340   2403   2077   6717   6341   3520   7173
 2288   2932   8030   4583   4677   3457   4923   2444
  880     29   7877    464   1375    665   9993   4076
 8525   5811   2735   2207   2618   8018   2346    927
 5390   7396   8149   3468    291   8382   5210   5742
  458   9738   7866   6435   3328   4172   2008   6987
 9934   8958   3052   3618   4559   9625   9876    475
 5781   3062   6438    841    290   7735   2805   7011
 8699   2742   8721   7706   3442    165   1560   1273
 8961   5988   5776   4228   3569   3484   2885   3909
 8528    678   5941   2187   1911   8291   3008   6699
 4736   9502     13   2649    457   1007   5522   7126
 3097   9439   6992   3615   9425   6161   4784   3502
 5357   4212   1693   8284   6956   7908   9154   5388
 9748   4491   1276   3059   1716   6096   9177   8351
 4461   9339   9613   6162   4731   1754   4227   5527
 1338   1687   6000   5927   9242   7405   4404   9476
 6744   2126   9690    587   7607   1278   6685   6239
 6367   1789   3660   7857   4979   8927   1516   8483
 1689   3529   2264   3970   7625   5402    864   1184
 6090   4319    157   2116    447    492     80   3998
 5260   4962   3386   2407   7269   1396    491   5849
  984   7924   1067   6472   3786   1018   7091   9919
  931   2134    523   9469   7719   3399   2634    550
 8746   5257   3781   5131   3933   8299   9558   5121
 5080   3192   9459   8292   7096   7796   2359   6166
 7047   8050   4232   5896   1297   4734   9041   4632
 3750   5762   3782   2520   2418   2827   2905   3290
 5794   9067   2384   9886   1257    398   7852   1164
 7373   1284   8000   8502    319   8926   1484   1759
 8412    206   4354   5117   7186    666    539   6866
 5645   8269   9549   8678   6920   2545    896   1202
   87    359    103   3766   3225   4903   3111   8843
 7312   1918   6317   7814   8079   5682     49   8103
 4527   3848   2688   4933   9386   3976   5732   1814
  378   6499   6112   6454   8043    197   2806    530
 7070   9151   3977   7791   5943   5706   7581    791
 1046    676   8460   9983   6668   3019   5100   5431
 1159   5278   4053   7043    875   2778   7075   8703
 8540    201   8672    296   1143    920   9867   4775
 4820   6468   7508   7495   9260   1877   3070   3408
 5757   5176   5207   6053   1081    236   9747   3754
 3101   9033   7059   3300   4613   7954   2755   3525
 8582   3195   7734   9004   1743   3537   5546   5290
 2728   1471    357   1506   3308   8014   1331   4351
 9470   4151   5737   8241   2773   2256   4051   8457
  601    570   4874   4002   9379   3151   3433   3435
 5967    276   4591   1511   3207   4402   6256   4691
 9607   4382   6706   3447   8822   5631   1971    133
 1565   8547   2150   8970   5714   7900   6975   9217
 6933    794   8901   9238   5662   8271   1879   6760
 4843   8415   8323   2628   2498   5953   7661   3716
 6936   9066   6138   7534   2357   3283   7742   8258
 5554   8440   1809   6592   9567   9686   6533   8840
 1388   6860   7313   3592   2159   8088   3889   6073
 7699   9030   4483   9622   3920   8955   3158   8231
 5534   4406   2981   2402   1591   5366    241   3523
 4008     74   4615   1156   5654   4751   9938   6155
 2583    792   2095   1529   9684   5641   9148   6549
 7764   4083   9818   4905   9243   5110   7481   6739
 6764   8624   9835   5754   3527   3581   7090   5838
 7913   4392   4596   2114   9789    815   2591   3943
  360   3957   5129   8867    930    599   6486   2316
 3718   5969   6547   1701   3276   2058   7774   7889
 8261   4077   8003   8371   4508   8451   3834   3800
 9852   4178   3184   8669   9726   2866   6388   5565
 8712   2453   7969   1300   6505   3040   1115   5281
 1322   5185   6579   9028    107   3357   9678   4395
 2147   1051   5809   5573   6056   4188   3659   4956
 9166   8393   7234   9239   7917   3821  10000    935
 6421   9185   2019    250   2771   2165   9732   7271
 1742   5155   2684    688   7012   6277   5371   3871
 9652   9042   5160   2386   3565   6649   8710   6145
 8304   2631   8137   9744   1671   1862   8684   3547
 5881   8095   3228   5767   8220   5409   9211   6635
 8945   2364   1227   7100   8780    310   6058   8852
 6652   8588   6830   6426   6684   7694   9760   3734
 6898   3851   7853   2873   2916   1951   6306   7414
 6581   1029   3827   2671   5084   4010   2840   9541
 3722   5046   9109   4221   8239   1337   7792    714
 8941   5566   2186   1103   4529   3258   1852   3878
  200   6905   3415   5924   4834   7756   5095   8604
 4326   4467   5061   2157   2253   5429   8443   7085
 5438   2286   9585   1347   1140   4575   6082   4012
 3428   5334   9521   2988   2609   6069   9677   9611
 4969   8077   1005    179   1582   5499   5764   2542
 7580   9383   3458   7509   4004   2690    521   2642
 5545   5455   3758   2156   3321   8524   4285   5515
 4542   3699    656   8784   1308   7303   8694   2056
  370   6207    412   4599   8846    496   5119   3103
  860    674   3135   8295   3294   2759    707    763
 4518   3213     39   9006   9566   9381    866   1265
 1654   3093   5779   7522   5860   1737   3937   1720
 5004   5867   6749    833   1269   1903   6208   8493
 4193   7617   9610   2043   8616   4625   8167    338
 2551   6516   4522   3841   8520   9313   8987   4894
 7528   3621   6274   2294   3584   4686   3558   5903
 3460    687   6359   8825   7979   4835    307   5746
 1844   7188   3919   4910   7588    928   2738   3981
 8787   2696   9849   4153   7144   4457    829   2039
 5178   2515   8069   2899    248   3954   3126   4535
 6930   5505   1651   5177   5728   1943   5569   7947
 5502   9590   9689   9119    781   4329   1848   6011
  207   6545   9105   2814   5391   3013   1403   9480
 9380   3635   1753   9969   1581   7786   5958   8353
 1112   8936   5994   7154   8215   6284   3799   7938
 6132   8964   8819   3129   1729   8723   2219    786
 8673   3650   5909   2496   1233   2254    308   4868
 7109   7874   4281   1931   6797   1031   7229   7680
 8115   7287   2535   6214   3478   2238   3810    868
 4254    822    149   5444   7272   2417   1624   4804
 5481   8798   5516   2508   1723   8714   6488   7539
  979   9704    281   6862   1174   4385   9256   8435
 8119   9746   2601   3944   5448   9960   4197   6752
 5699   5676   9309    813   4939   5049   1761   8729
 3452   6784   2758   8583   8342   4639   5972   6593
 9221   9059    391   1362   3980   7380   6370   5070
 5064   8355   1897   2335   6289   9984    591     26
 4838    255   4163   3413   5201   7456   9293   5891
 7196   3904   6223   3405   7362   4600   8508   4860
 8733   2794   9278   4773   5912   2926   8315   7935
 1044   4710   7431   7851   2353   9699   6962   4990
 1853   2108   4544   8112   5983   2687    799   2549
 2967   4849   2064   3412    847   4531   2536   3086
 2488    926   3711   1013   7461    348   5770   9001
 1467   4243   5687   1309   8726   8136    947   8407
 3091   3825   4921   7709   4097   9592   5295   4204
 4448   8569    675   3676   6726   3194   1324   8265
 7267   2955   3611   7695   8875   3964   3582   4080
  355    729   6585   2914   1180   3524   8400   9972
 1647   7408   6911   5244   2276   1734   4827   7140
  392   1208   8442   2934   1036    548   1615   9614
 6695   1656    261   1477   9730   9865   9053    109
 1570   1072   3212   7138   4509    726   8617   9829
 7222   4472   2700   3907   3214   7135   5485   9928
  752   8476   8658   4071   9484   1079   6079   3833
 8550   5531   1369   9795    863   7773   7856   9643
 7399   9024    937   3842   4602   6373   6020   9878
 9862   8012     77   6034   4380   8127   7961   4525
 8866   4694   9950   1341   5090   9356   8619   1644
   37   6733   5145   4858   2200   1669   2320   3999
 9500   1409   4226   1997   2946   5424   3482   2343
 7318   6517   4466   5202   3579   3449    751   2875
 6878   8219    472   8835   1957   9994   7274   1655
 6268   2682   2281     67   8512   7566    905   7061
 1907    966   6662   5450   4735    776   3099   2131
  387    787   9181   1991    323   2144   7227   9872
 1758   8885   5701   1535   1869   9903   4168   7929
 1605   4141   9188   4497   3853   2424   5109    942
 8004   4768   7117   8410   5678    715   8727   1446
 2495   7956   4145   7299    741   1472   4210    493
 1750   7040   1956   5232   3940   6820   9840    578
 8654   7640   9571   7780   7187   4257   8931    275
 9574   9306   8898   8702    689   8551   5001   1552
 8303   8832   3714    608   4562   2420   3107   9509
 8302   8944   7161    354     14   6171   7740   7277
 3992   6469     19    705   4889   1868   4714   4096
 3604   9353   5718   9595   7137   4341   9092   2584
 1576   7323   4495   4636   6963   9346    824   5637
 6261   9555   9363   7331   9367   6209   5870   7836
 5792   8031   5321   7098   7412   5771   3120   4470
  914    546   4878   8285   4528   2851   4241    925
 6092   1015   1984   8518    916   6928    898   6366
 5638   8872    614   7861   2678   6452   6589   2891
 6015   9096   9802   4291   6141   9921   7574   8444
 1011   8891   6195   9648    205   6361   3417   2315
 2539   1724   1890   1704   5116   8972   4678   7644
 9294    426   7729   3870   7128   2239   9604   4560
   78   8795   9121   4114   9405   9141   2547   2241
 2543    448   8267   6974   7592    339   6091   6770
 8385   8092   4271   6054    451   4306   6710   5451
 4745   7427   6844   6965   9453   6919   5354   8319
 7223   9559   8139   9027   1410   8768   7216    368
 3127   9752    125   7247   8954   4914   1823   1122
  343   5393   4362   2492   2022   3645   6656   4887
 9454   2808   9569   2421   1536   1316    286   5175
 4877   5347   1463    993   4798    262    834   4255
 1600   5961   4006    846   5815   4013   3646   3430
 3161   9543   5932   4343   6751   9366   1487   8952
 7542   9496   4063   6791   4689    484   9225   9534
 1938   7803   2915   6129   6478   7183   9325   7658
 2355   6115   3200    344   9737   5847   5709   6109
 8180   5931   4443   1024   1355   8765   8939   5724
 2297   1507   3057   3948   3142   8145   2783   4571
 1037   9958   3631   5905    375   5015    239     54
 8876   8776    971   6086   4797   4740   7744   8246
 3583   9446   8296   4566   5123   4374   2620    865
 7637   9252    399   6767   3824   6777   7324   4052
 1912   3982   5229   4175   6131   2347   8942   2024
 3474   1909   6356   4118   2025   8815   5294   3370
 8383   3585   5284   4191   1285    855   5800   7492
 4095   5602   3113   6663   9031   8605   4743   9757
 2630   8610   2183   5333   1102   8515   9172   6392
 1415   9115   6424   9357   3549   3266   2925    607
 3876    627   3171   6678   8262   6423   3988   6812
 7211   7684   6191   4598   7858   2779   5471   2704
 2454    315   5147   5658    461   5217   2474   1232
 3080    442   5697   9804   9609   5857   3264   7242
 1146   3353   3831   9147   1240   2919   5304   6121
   59   3024   6616   4609   5241   4821    749    871
 6737   2080   7958   7869   2784   6912   9946   5789
 2145   4415   2105   2819   7630   1798   4073   2046
 2789   7182   2001   1932   8461   3818     17   3293
 2548   4263   9810   1643   2351   4390    137   8557
 7028   9540   7673   5977   5761   8735   5089    923
 4823   5748   1811   9851   8649   2556   3067   1243
   21   6653   2400   7583   4158   1438   3633    328
 9985   9212   8381   8266   7679   2664   4396   3959
 1794   3117    195   9301   8131   6100   3443   2799
 5149   7226   1612   7707    174   4886   8568   7651
 2604   4085   9060   3384   3746   3134   5538   4019
 5540   1252     46   6051   2554   9784   7727   9392
 6385   2372   1579    169    793   2198   3473    586
 6409    882   5237   5900   4618   5413   4422   9901
 2394   2705   2962    251   4499   9794   1047   5107
 4279   4590   4166   8199    144   6661   2624   9850
 1466   2088   1977   2883   3000   9176   2762   6736
 6825    954   2331    753   7903   8288   1210   4167
 7717   6677   8179   2373   3914   4224   4972   7290
 9388   6543   5594   6224   5477    538   1872    989
 1244   5058   2815   4935   8463   4837   3079   9739
 4237   2528   2586   3317   6772   3379    252   9396
 7069   9805    766   9466   1708   3836   6029   9837
 1731   1075   1444   3401   4994   7724   7898   7918
  295    350   7604   5309   8810   1456   4088   6806
  616   5341   1177   8183   9255   1365    240   5427
 5634   8168   4206   8527   7341    669   7746   4378
 4680   1359   7698   3668   7251   7115   8530   9912
  600   2388   8061     44   5310   3248   7595   5625
  476   7212   3828   1360   8395   9675   4463   4436
 4729   7469   5381    418   6608    184   7613   5363
  921   8070    910   9815   7940   3027   1683   2499
 7292   6272    663   2009   2506   6743   7435   3503
 1611   2828   2730    812   8957   5467   3713   3672
 2741   4794   7873   6939   2552   7136   6899   2261
 5328   9407   1045   5205   1799    192   9444     72
 6980   3251   9556   4367   3030   7441   8450    506
 7382   9241   2990   5617   5222   9628   9091   7748
 3966   8405   6299   2740   3246   4608   4780   7967
 8491   3666   2644   3642   3486   2912   5400   5406
 2686   8802   3211   1209    827   9481   1784   8783
 3838   5045   3301   5604   4812   9290   1593   8799
 9163   1892   5003   8011   6723   7300   2287   7018
 6483   6785   7250    805   3102   6679   5827   7532
 9093    146   4379   1217   7659   3146   9498     61
  234    121   7268   3839   5416   9798    327   8309
 2987    579   7922   3363    634   6458   2450   7805
 3987   1314   7105   4540   1649   7009    403   8536
 4701    167   5986   2277   2632    176   8479    175
  410   6291   1923   7916   3427   4370   2301   6047
 2304   5461   8362   7876   4400   5774   8609   4898
  867   2148    778    981   9083   6863   5575   1391
 1354   9022   3850   4330   7733   2973    264   7700
 6857   5067   4570   1150   3488   2514   3288   4795
 1380   2408   6071   2721   7335   4307   6041   6444
 1813   1906   7039   1631   9310   9203    504   4062
   32   3152   6969   2795   5844   3751   5576   4505
 8985   7890   9440   6968   5317    380   4696   1503
 4906   1376   5772   5734   2709   2980   1228   5686
 2734   8923   9230   8511   4090   9289    936    182
 5057   8824   9875   4822   6787   2471   7155   3886
 7934   5029   1970   9631    314   5866   8497   5065
 5846   6630   1390   1787   6841   6242   1398   8820
 5124   4643   5798   2227   7209   7811    977   3087
 7020   4904   4723   3744   6316   2650   5385   9113
 9600   2189   5157   3404   9108   3364   3795    384
 3472   1226   3273   4024   6960   7830   1627   4046
 2996   9513    172   6027   6721    943   6538   1882
 5339   1867     53   7301   5908   9725   5183    361
 5901   1254   3852   6599   9557   2152   4975   3916
 5945   4851   8592   4449   2382   6354   7118   6441
 2984   8432   4014   8886   5756   5190   3681   1239
  471   5660   9011    806    631   2469   6569   3507
 2870   2823   2888   5094   2782   4480   8845   3599
 4149    605   2132   6382   5673   8298   4213    221
 2119   7496   4192   4060   3469   8084   9522   2541
 4031   3555   4360   9891   2683   4068   3643   8356
 4630   7750   4892   3257   5358   9448   4619   8630
 8590   2832   3801    602   2340   7912   6213   1445
 3556   2000   9697   3866   4381   8505   8498   4048
 4371   9196   8360   2654   4365   1315   8542   2199
 2680   4018    732   3462    417   8839   3773   8573
 6154     60   9056   1266   7599   5118   3884   8024
 2544   9249   6134   2390   7474   2577   8209   8166
 9516   7363   1182   1640   1603   8433   5106   6258
 8316   9219   2672   2612   5353   6796   5096   7813
  245   4799   6327   4679   8812   6160   6836   6153
 6182   9131   6381   6524   1091   2924   8918   3590
 8779   6467   8417    185   2171   1958   6193   2974
 9833   8594    131   2697   6395   1768   5855   3550
 1424   6560   2959   3356   3311   8378   4504   5612
   89   4016    624   2312   8264   1050   6070    628
 2082   4314   2094   9422   1113   8869   9216   9382
 5627   7102   2047   8196   9863   2247   6798   4239
 8759   3709    768   8390   8021   2638    522    807
 6989   5048   7767   2904   4932   2627   6393     50
 9210   4541   6446   7007   2831   5464   5181   3654
 7146   6019   1675   2930   5854    679   6544   5187
 6923   6408   3096   1968   5652    671   4859   5598
 6372   1012   9085   4292   3616   2952   6927   6671
 4572   2399   7390   3227   1838   3053   9751   3092
 6893   8448   7001   3571    297   9848   4009   8453
 8881   5933   6451   4550   1796   2933   6748   9619
 8842   6050   8347   8995   2768   4879   6233   6852
 4032   2570   4022    225   6689   4684   7103   7608
 1361   2493   6369   5948   7024   3065   4595   1153
 4672   7831   6955   3597     31   9408   6075   2887
 5691   5577   7904   7476   7951   5586   3893   2007
 6146   8565   3717   9630   1413   7493   3548   4099
 2016   4958   2812   1519   6308   1638   7176   7002
 4103   6342   8800   1688   8001    719   4203   9842
 6535   8553   9669   8850   9962   7705    589   2017
 1764   2505   3350   3476   9155   4432   3149   2092
 7197   1662   8337   8367   3003   5307   3479   6062
 2004    825   3928   8314   2531   9029   9347   6329
 3712   4490    460   2652   4514   1436   6847   4356
 2216   6302   8409   6606   3176   8256   3299   3557
 7897   3316   7610   2839   9823   9645   2191   3706
 4569   9003   4947   7003   7697   9411   4399   8439
 4895   3531   1800    424   4113   4407   2275   3692
 9694   1088   5563   5446   3243   3510   1499   2267
 4826   6031   4214   4911   8879   9175   7343   3854
 1769    623   5834   6601    999   4792   9180   1985
 5711   7497   5053   5066   2945   4978   9253   7486
 1555   3201   7482   1179   1916   6567   1416   2999
 4763   5642   4842   1646   5265    699   3610   5081
 3360    632   3553   2736   2164   4620   9062   1509
 2306   7108   3369   8677   9856    581   1557   8813
 9138   6994   5174   3154   6550   2313   1372   5463
 5432   3679   9237   8773   2966   1057    152   3011
 5211   4282   9123   2278   1681   9130   1387   1922
 1019   8571   5405   9084   5850   6391   1295   8552
 4041   3446   5292   6718   6485   2455   5897    779
 2228   9311   2646   9415    649   9095   3222   5871
 2334   4707   5184   7657   9064   3198   9661   7572
 3125   1583   9800   2852   5533   9922   3335   4857
 8170    188   6888   6958   6046   3114   3522   8489
 9303   5693   1482   2968   8387   6565    237   7879
 8894    230   1258   6415   9086   4438   7558   2582
 7236   9222   8480   9756   2028   1933   7178   6314
 8946   6104   6773   3675   3220   3159   5138   3459
 2691   1492    960   7257   4093   9156   4818   9034
 3280   9503   5216   8967    450   8709   3532   5023
 6347    558   6742   9477   1673   8656   7340   6619
  861   9117    351   2385   8138   8049   7633   8978
 9899   3260   7835    143   2185   8543   5111      8
 4761   6759   7451    409   3396   1667   8148   4251
 8574   4870   7739   5411   6044    630   4501   2123
 9094   7638   5614   2041    324   1249     33   4112
 3874    228   9688   8916    511   4832   3410   2858
 9394   9948   3414   6358   9231   5135   4611   7926
 6431   1373   3042   4983   5168   7662   2379   6318
 3206   9947   3629   8612   5279   7334   8326   5465
  731     43   5392   7190   8017   8748   9443   1730
 4423   1562   8856    246   5343    733   7054   4277
 3219   1523    887   8823   3690   5862   4252   6396
 6823   7510   2197   5698   3942   6948   6332   2204
 8042    746   3513   4211   2608   4222   7421   6688
 5024   2430   7439   4409   8638   2775   7667   4640
   16   3594    739   8074   4272   9963   8711   7050
 4069   7055   5957   9936   6336   4150   6045   4265
 3968   2243   1510    256   3284   4946   6210   4970
 8372   2409   3162   7839   2890   9768   8339   6803
 4357   6696   5865   6295   7325    335   4848   9811
 3915   9783   7720   9232   2218   9418    478   9971
 3424   2229   9913   1301   7758   9398   1194   9206
  427   6025   3863    279   3702   2367   5722   7884
 7238   3680   8674   4661   6260   5312   3979   4730
 7964   5512   2713   5603   7053   5659   7721   2685
 9770   4829   3990   3021   1762   3995   2391   5675
 8274    199   5510   2044   4411   9414   9280   9308
 2675   4262   5264   6895   4534   2232   8123   1637
 5329   7437   6315   5338   8700   5158   8469   8073
 7338   7348    170   8093   4755   7442   7253   5758
 2727   9489   6094   9874   8983   1219    313    515
   98   8521   9548   7606   5010   5475   8486   5291
 5763   6081   5606   2911   9269    312   3224   1454
 6066   6518   9531   3678   9449   9350   3108   2616
 3082   8720   5204   2679   5443   5261   1126   9283
 3826   8828   7847   8005   3392    219    440   2205
 3189   5137   5765   4719   5087   9291   2464    784
 4058    961   9144   4429   4102   4627   8634   9025
 1530   6995   7392   2897   5397   5968   7567   2480
 5083   5921   1405   4445   7429   3984   2194    988
 4299   1677   6102    145   6506   8373    181   3832
 4809    293   6325   2230   9370   8668   3312   2661
 6203   3514   8909   9457   6114   1661   2842   7544
 9491   8333   6681   6902   3737   2212   7683    531
 6886   9080   7945   6993   1987   3178   8163   4727
 8861   2021    372   8771   5495   1083    316   9986
 7711   6089   2994   9436   8849   7664   7351   3034
 4561   9098   1074   1293   2465   6590    474   8529
 5517   7928   2087   8607   8924   5613   2706   1830
 8963   7328   7101   5529   4336   5595   9846   1351
 6907   2158   5243   3969   9975   6713   5042   7970
 7304   6910   7221   2300   2406   8240   3470   1175
 6973   6432   1008   9864    544   8195   8416   9884
 4869   6828   8644   7458   8247   3133    374   5440
 3760   9193   1129   7077   4764   1969   4663   5299
 4286   5403   7036   9344   2040   8951   4246   8081
 4853   4196   5987   6753    203   6504   4929   9118
 1353    156   7555   9676   9970   8722   5934    874
 6136   6720   3950   1330   7816   8685   7841   9629
 8359   3812   4702   3772   5864   9714   4991    657
 4029    740   5696   2369   5916   8399    569   1084
 4927   1526   6189   8928   6687   5303   3116   6187
 9989   2102   2341   7692   1325     34    455   4455
 3081   7563   4408   8697   1171   6425   4261   6972
 2368   7333    668   2361   8767   4638   8278   7838
 4320   9507   9505   1485   9927   5041   8062    112
 9450   4538   3018   6922   9368   3223   6724   8492
 7545    532   9767   1349    580   4884     36   1379
 5186   9061     66   5302   4087   9533   1905   5487
 8522    802   4690   5839   7995    102   5840   4752
 1525    215   2878   3352   2830   7037   7521   9007
 5384   7294   4159   7244   4836   7027   3269   2029
 6840   8146   4739   8627    633   3653   5203   6943
 8774    509   9907   5636   6123   7230   8514   4841
 2192   9200   9961   5647   5835   8639   6006   6554
 5877   5253   7288   5806   7235   5208   7653   7652
 1534   8125    713   5225   1206   1767   2588   9246
 3319   7175   8991   4309   9324   6985    703   3808
 2269   7499   1495   2458   3016   4424   1230   7029
 1944   8475   8300   8208    629   9599   8893   1613
 4803    762   5713   4916   4250   9715   8554   8456
 2816   5791   8533   8940   8738   9777   4664   6297
 1198   7825   7457   6837   5426   7817   5360   3953
 9321   6691    341   8224   9048   8549   4557   2745
 1274   4511   1168   9285   9654   1283   7713   8766
 8537   1782   5199   5161   5836   2449   5251   2982
 9472   2757   1880   2900   2617   6074   3002   2089
 5580   3776   8056   4100   7942   1887   7523   5804
 4753   4247   4915   1025   6571   1660   1148   9032
 3873   7139   2918   5274   1111   2749   8232   4334
 5102   8126   3281   8817   3233    528   3534   1781
 4007   3493   5271   4035    872   9315   5345    622
 2221   1488   8586   9966    613   2481   4938   3298
  502   5888   7810   5373    431   1404   1914   3613
 2053   1648    413   8742   4098   7259   6125   1335
 1370   2865   8984   4993   6288   2463   3076   6030
 7025   7106   8641   9140   2658   9832   1945   6319
  955   3060   1532   1926    407   8764   9663   4176
 2629   5113   7417   9114     92    563   7261   4617
 7320   1332    434   4942   6594   4551   4708   5819
  467    432    889   6875   4318   2284   9670    659
 7488   5978   7159   1290   2166   2103   3563   9873
 8870   7605   9282   4115   9316   7959   7374   3064
 4200   9721    421   8633   1363   9831   4616   8602
 9638   3254   3218   7543   6126    625   9733   6528
 6617   9161   2989    139   6900   1434   8548   8086
  388   6036   4651   6924   5501   6026   3391   9976
 2800   4311   5730    525   8996   8807   7309    513
  218   1765   3343   2437   2381   7540   7314   1089
 1195    283   7133   1843   6654   1995    488   8023
 2841   8754   2876   7650   9546   8905   9286   1545
 5773   1569   9943   1172   5327   5547   9340   2412
 6281   3881   3179   8341   4205   9359   4913   8713
 5030   7089   9051   1001   9069   2521   4317   4659
 4273   1304    501   8374   2233   8447   5209    994
 3123    495   8060   6704   7753   3983   7445   4038
 7878   3771   5150   3122   4061   6205   7443   6309
 6065   1850   2540   9977   4545   6362   1619   8279
 8221   5445   8648   3232   2724   7527    903    789
 3875   9890   9186   9000   9906   8818    352   2774
 4685   5974   9158   6534    747   4984   5480   4982
 5503    818   7968   5435   1860   9373   9124   6552
  358   7568   6004   9169   6002   3169   8472   2550
 5143   3175   3935   9194   6891   9727   2659   6998
 2751    134   7293   3985     81    364   1822     35
 9433   9780   5062   2143   3494   1881   3199   8308
 3455    991   9581   6194   3885    454   1058   1563
 2129   8471   2073   2099   9979   5189   8425   6523
 9615    838   1621   9371   7715    567   1908   4622
 7246   6473    783   4705   9763   5915    470   7584
 2249   5692   6101   5879    159   3809   9845   1435
 5325   3965    646   4808   4122   6130   6967   8878
